##BLOCKS= 2          
Plate:	Plate#1	1.3	PlateFormat	Endpoint	Fluorescence	FALSE	Raw	FALSE	1						1	460	2	22	384	370	Automatic	455			6	Automatic			1	16	None	
	Temperature(¡C)	1	2	3	4	5	6	7	8	9	10	11	12	13	14	15	16	17	18	19	20	21	22	23	24		
	24.00		17.624	41.897	12.854	329.337	66.606	51.928	26.784	231.619	59.206	9.13	107.541	74.781	21.865	14.68	271.637	74.025	14.466	7.919	44.477	15.706	30.317	11.125			
			83.51	442.368	112.122	799.368	118.281	149.375	32.569	296.082	97.465	70.191	90.054	46	31.059	14.256	22.627	10.829	79.733	14.698	15.86	13.542	31.289	12.274			
			58.892	110.624	95.574	64.819	96.936	314.943	7.692	12.066	11.616	10.519	144.282	597.616	26.835	93.891	11.335	8.896	128.676	25.902	111.602	40.655	36.089	128.464			
			64.803	24.307	151.396	20.797	147.741	191.103	9.888	25.915	28.866	22.14	23.509	15.864	22.099	85.84	11.828	16.391	13.509	50.691	15.95	96.946	33.692	27.36			
			91.709	15.651	94.664	22.123	158.613	77.357	9.901	7.486	9.612	69.555	197.771	18.822	15.479	232.455	15.773	204.006	73.862	307.133	16.432	53.252	26.284	182.599			
			220.622	42.216	98.317	26.306	117.911	120.664	364.38	28.223	13.418	43.017	14.778	8.814	16.388	39.949	20.888	15.925	16.437	14.793	11.119	36.478	43.483	59.963			
			104.611	151.191	14.959	29.427	1132.715	15.634	180.468	24.044	11.714	1174.298	37.841	10.453	11.545	65.105	59.008	60.658	13.016	36.576	360.775	36.926	49.897	97.139			
			66.329	118.031	30.364	23.348	22.42	24.46	33.999	11.214	21.742	347.611	245.56	45.577	204.737	31.547	24.825	30.22	156.956	61.272	43.903	12.177	65.113	28.515			
			81.512	17.872	73.87	11.513	37.216	30.932	655.344	12.725	35.921	12.836	11.172	14.925	59.994	10.645	13.115	37.924	94.571	13.796	92.782	12.615	9.401	49.751			
			95.948	106.695	132.23	69.321	73.132	17.258	41.818	8.253	43.375	686.726	56.453	9.083	8.186	224.393	29.863	26.677	168.226	9.999	19.347	10.857	103.083	61.528			
			69.018	40.374	72.071	77.103	14.885	26.516	13.309	19.406	391.321	7.968	18.643	16.802	14.649	14.526	37.753	11.879	21.71	1363.56	16.252	13.307	22.26	21.501			
			165.128	21.493	81.457	63.67	13.521	11.099	233.006	326.971	32.124	83.179	348.914	47.753	87.072	34.916	16.012	358.371	38.931	24.671	113.12	59.699	13.472	125.905			
			444.524	10.575	389.901	39.103	42.454	233.555	18.12	9.35	1382.205	22.257	48.947	43.519	338.043	18.913	23.06	18.901	32.9	17.077	354.16	11.848	39.189	15.255			
			28.558	22.921	16.239	250.01	58.652	60.778	18.637	12.568	70.448	14.682	16.445	64.107	32.472	25.711	9.645	17.1	127.209	17.36	81.205	50.802	15.459	14.735			
			100.31	12.154	144.706	301.536	11.228	16.443	29.037	10.255	22.357	12.011	26.372	88.833	22.53	13.844	9.152	82.869	14.967	227.87	17.862	19.156	59.997	189.646			
			31.542	44.732	27.24	15.931	20.197	125.58	70.882	11.502	157.52	30.449	14.379	15.305	28.961	39.021	73.936	47.567	50.029	15.998	17.947	78.293	39.419	499.072			
		
~End
Plate:	Plate#2	1.3	PlateFormat	Endpoint	Fluorescence	FALSE	Raw	FALSE	1						1	460	2	22	384	370	Automatic	455			6	Automatic			1	16	None	
	Temperature(¡C)	1	2	3	4	5	6	7	8	9	10	11	12	13	14	15	16	17	18	19	20	21	22	23	24		
	24.00		20.41	42.466	12.456	317.303	64.468	48.471	23.157	227.915	54.541	10.338	107.657	71.174	19.671	14.496	268.993	73.449	14.179	7.524	42.025	14.438	26.845	11.918			
			82.33	445.513	112.124	790.787	122.003	139.247	31.689	285.817	71.21	68.955	88.089	45.587	31.648	14.752	22.857	10.843	76.77	15.19	15.258	12.79	29.892	12.531			
			59.025	109.064	93.144	64.705	98.143	318.284	8.098	11.634	11.485	11.366	144.774	591.335	27.24	94.196	9.427	9.582	126.446	27.356	110.508	39.346	36.388	129.127			
			63.968	24.38	151.98	19.106	145.386	184.157	9.607	25.684	28.744	22.519	22.932	15.89	19.584	84.339	11.979	14.93	15.237	46.931	16.56	94.145	30.878	25.013			
			87.887	13.293	97.424	21.028	151.196	76.326	8.372	7.548	11.048	72.147	196.262	19.146	14.348	231.074	13.992	203.307	73.958	308.582	15.434	56.066	23.934	180.941			
			216.729	41.918	101.309	28.459	111.06	118.343	355.221	29.693	12.54	40.642	16.107	9.484	15.006	39.041	20.77	15.367	15.262	14.503	10.746	34.832	41.614	61.92			
			102.314	147.453	17.154	29.422	1125.707	16.752	178.594	23.818	10.479	1171.662	37.556	11.272	11.866	62.179	62.19	59.568	14.632	37.266	360.127	33.626	48.752	94.471			
			66.93	118.073	30.481	21.829	22.927	26.112	29.959	10.419	20.105	338.637	246.476	46.808	202.232	31.212	24.476	30.466	149.566	62.316	41.863	13.549	66.334	27.025			
			80.912	18.126	71.572	12.219	35.316	30.761	654.588	13.014	34.417	11.359	10.111	14.27	59.582	9.965	13.488	37.109	93.101	13.648	94.478	12.772	8.275	48.746			
			90.052	106.232	133.128	68.052	68.435	17.628	39.217	8.748	43.394	678.976	56.803	8.939	8.175	227.053	30.756	28.774	166.498	9.963	18.228	10.656	102.956	61.496			
			65.173	38.605	70.484	79.525	15.51	27.687	13.279	18.078	389.8	8.424	17.445	18.289	14.161	16.212	36.098	10.615	21.086	1378.93	18.036	11.006	22.177	20.247			
			157.651	22.561	81.008	66.302	13.214	11.026	238.088	318.884	32.638	86.023	349.79	46.524	92.767	36.072	13.361	351.373	37.197	24.533	112.445	59.372	12.41	135.09			
			447.791	9.332	388.45	38.057	38.985	228.139	19.6	9.975	1387.654	22.118	46.468	44.14	359.289	17.62	24.556	19.068	32.668	17.711	352.122	12.396	36.79	16.352			
			28.333	22.691	15.825	245.273	58.998	60.269	17.236	13.182	72.013	14.321	16.019	64.264	32.85	27.041	11.474	16.124	131.183	16.691	80.514	47.676	14.894	15.182			
			99.48	12.541	142.108	295.216	11.922	16.336	31.166	10.983	21.473	12.75	25.436	87.123	22.376	13.707	10.487	80.496	15.45	220.2	16.978	18.505	57.845	190.506			
			34.71	46.342	26.288	14.859	18.886	124.783	68.8	11.776	161.335	30.458	14.219	14.01	27.365	36.444	73.414	46.977	50.57	14.834	18.263	77.926	37.975	503.799			
		
~End
